10 Rolls
roll, outcome, probability
1, 1, 0.1
2, 2, 0.2
3, 5, 0.5
4, 0, 0.0
5, 1, 0.1
6, 1, 0.1


100 Rolls
roll, outcome, probability
1, 15, 0.15
2, 16, 0.16
3, 13, 0.13
4, 19, 0.19
5, 21, 0.21
6, 16, 0.16


1000 Rolls
roll, outcome, probability
1, 169, 0.169
2, 152, 0.152
3, 165, 0.165
4, 177, 0.177
5, 167, 0.167
6, 170, 0.17


10000 Rolls
roll, outcome, probability
1, 1730, 0.173
2, 1599, 0.1599
3, 1652, 0.1652
4, 1666, 0.1666
5, 1663, 0.1663
6, 1690, 0.169


100000 Rolls
roll, outcome, probability
1, 16681, 0.16681
2, 16717, 0.16717
3, 16514, 0.16514
4, 16576, 0.16576
5, 16669, 0.16669
6, 16843, 0.16843


